2022 [] 
1873 [ 24 110 188] 
0332 [ 44 119 135 185] 
0775 [ 11  28  40 117 140 152 158 160] 
1148 [] 
0869 [] 
2693 [ 68  86 105] 
4846 [  9  83 136] 
0102 [ 13  30  44  79 158] 
1241 [] 
0661 [] 
0911 [] 
0117 [ 29  62 111 118] 
0546 [] 
1573 [ 23  50  99 121 155 169 170 178 179 186] 
1522 [] 
0427 [ 37 138 158 191] 
0790 [] 
0307 [] 
0663 [] 
2828 [] 
0800 [] 
1820 [ 12  55  60 136] 
2871 [] 
0732 [] 
2525 [ 36 164 182] 
2433 [  6  12 104] 
4034 [ 51  71 114 167] 
0168 [  1   5   7  11  21  42  49  50  52  53  60  62  65  66  68  70  80  85
  88 101 104 113 120 124 152 163 165 175 183 199] 
3349 [ 27  50  80  81 154 164] 
4577 [] 
0094 [  4   9  11  13  16  17  28  32  33  64  70  75  80  85  93  94  95  96
 115 119 123 130 135 149 165 168 180 192 195] 
4246 [] 
3308 [] 
1486 [] 
4657 [ 19 108 158 167 189] 
2078 [ 27  74 118 134] 
3371 [ 22  81 147] 
4435 [] 
0317 [] 
0566 [23 34 41 43] 
1239 [] 
4021 [] 
3091 [ 15 125 174] 
1899 [  2  10  20  28  32  35  48  80  84  94  99 103 116 121 122 129 146 154
 158 161 167 174 179 184 186 192 199] 
1194 [ 68 137 196] 
0440 [] 
2711 [ 49  51  73 159] 
1627 [ 32 107 118 135 138 150 195] 
1593 [] 
0892 [] 
0266 [ 36  68 128 133 138 177] 
3395 [ 19  70 138 158] 
2199 [] 
0521 [  2  11  16  59  81  91  99 103] 
2716 [] 
0277 [  7  41  51  65 101 120 169 188] 
0191 [  5  16  32  37  42  54  56  60  62  75  82  94 100 107 111 112 130 137
 138 139 141 154 160 161 175 181 196] 
0999 [ 41 135 192 195] 
0260 [ 59  93 172] 
0624 [ 43  44 130 171] 
3410 [] 
2279 [] 
2357 [ 46 156 172] 
0471 [] 
4287 [] 
1151 [] 
1788 [ 96  97 146 155] 
0874 [] 
1534 [] 
1681 [] 
0222 [ 30  48 101] 
1053 [  3 127 161] 
0152 [] 
2028 [] 
2263 [] 
0759 [ 19  29  65  95 120 162 181] 
0734 [] 
2018 [ 63 127] 
3088 [] 
0430 [ 15  42 115 143 186] 
0339 [  5  15 170] 
1519 [ 99 112 164] 
2092 [  6  31  72 122 129 191 193] 
0672 [] 
3384 [ 49 128] 
2076 [15 31 84] 
3052 [] 
6355 [  1  35  47  62  90  96 112 122 132 147 148 161] 
2732 [ 34 112 134] 
2554 [] 
0171 [ 23  61 118 128 129 133 156 185] 
1499 [] 
2007 [ 27 106 137 147] 
2193 [ 16  24  70  74 151 168 170 195] 
6093 [] 
0593 [ 32  79 133 151] 
1310 [34 54 77 98] 
2055 [] 
0972 [  6  12  27  38  63  88 146 148 159 161 182] 
0612 [] 
0756 [] 
0111 [  2  11  13 132] 
0500 [] 
0351 [] 
0238 [ 32 107 165] 
1858 [] 
0533 [] 
1833 [  0  13  20  25  31  88  93 105 111 173 189 194] 
4192 [  3   6   9  12  20  46  50  54  68  74  75  86  89  98 100 109 121 126
 129 145 155 159 161 172 176 194 196] 
0435 [13 90] 
0954 [ 62 129 187 189] 
4524 [] 
0115 [] 
0671 [] 
3864 [] 
2595 [] 
0298 [] 
1750 [] 
1404 [ 29  34  94 135] 
0157 [ 81 191 198] 
0542 [186 192] 
3077 [ 17 123 157] 
2579 [] 
1891 [] 
2420 [] 
2163 [ 32 119 144 195] 
0085 [ 84 156 170 176] 
0711 [] 
0898 [  1  10  15  41  52  67  98 108 118 120 138 140 143 149 181 191 198] 
3500 [ 38  44 189] 
0708 [] 
0547 [153 155 170 178] 
1196 [  3   5  12  34  35  59  64  69  75  82  97 103 106 110 122 127 129 132
 133 143 144 152 153 157 158 182 186] 
0353 [ 41  43 100] 
0474 [ 14  17  19  58 103] 
2597 [] 
0112 [] 
2859 [] 
0939 [] 
1413 [27 55] 
0691 [ 33  34 116] 
2450 [] 
2004 [] 
3097 [] 
0370 [ 43  44 121 136 173] 
2977 [53 91 97] 
0825 [] 
2257 [] 
0275 [] 
2704 [ 88 118 133 194 198] 
1110 [] 
4301 [ 17  32  50  61 107 160 166 193] 
4871 [] 
0961 [  3  49  93 195] 
1113 [ 37  73 149] 
2080 [  1  44  48  65  87  88 107 116 133] 
4032 [] 
1805 [  5   7  14  31  33 108] 
1650 [] 
0244 [  0   9  11  17  35  44  88 116 132 148 183] 
2715 [] 
1589 [] 
1977 [ 56  87  94 129 184] 
0605 [  2  11  12  18  25  40  42  62  66  71  77  82  87  95 116 119 122 124
 125 127 135 147 149 157 162 164 177 180 197] 
0658 [ 24  60 130 188] 
4383 [  2  45 177] 
2183 [ 38 173 185] 
2421 [] 
0787 [  1   4  25  64  66  68  96 117 174 185] 
1301 [] 
0601 [ 37 101 122 130 136 164] 
3462 [] 
1279 [] 
2011 [68 71 99] 
0693 [] 
2719 [] 
0870 [ 11  76 123 136] 
0654 [ 41  86 137 141 165 173 190 199] 
0834 [ 43  73 168] 
2172 [] 
0992 [ 47  48  51  54  55  66  67  71  84  96 101 102 104 131 134 141 145 155
 167 168 171 175 176 183 185 194 195] 
1203 [] 
1436 [] 
0124 [ 60  83  99 128 129] 
0886 [] 
0241 [ 33 112 142] 
3196 [ 9 69] 
2949 [] 
1930 [] 
0574 [ 59 180 185] 
2321 [] 
1307 [  0  30 121 129 135 142 157 169 183 184 190 197] 
2036 [] 
1089 [] 
0938 [] 
1835 [ 31  40  55  67  68  90 150 152 198] 
0369 [ 26  36  47  51  54  69 110 122 177 179 180 186 196] 
4782 [] 
1363 [  5 102 127 135] 
6182 [ 68  84 137 176] 
0877 [] 
0584 [ 66  70 144 186] 
1396 [ 97 104 124] 
0567 [ 13  29  77 104 148] 
1338 [] 
4504 [ 78 115 177] 
2563 [ 59 124 172] 
0620 [  6   9  16  23  29  31  36  41  49  66  76  87  91  97 110 117 121 126
 138 139 155 161 164 170 173 176 177] 
2051 [] 
1359 [ 51  69 113] 
1435 [ 16  22  34  37  67 102 172] 
0354 [ 12  43  64 199] 
0251 [] 
0993 [ 77 118 162 168 176] 
3495 [] 
2722 [] 
0089 [ 84 140 154] 
2158 [] 
6120 [ 68  93 158] 
0511 [ 53 137 147 159 171 199] 
0338 [] 
2195 [] 
0475 [ 29 163 199] 
1529 [ 74 133] 
1952 [] 
3348 [132 157 186] 
0701 [ 64  72 108 189] 
0899 [] 
1960 [ 65  67 175 178] 
1445 [] 
2926 [] 
0509 [] 
4146 [] 
1779 [] 
1567 [] 
3130 [  2  13 143] 
2093 [] 
0707 [ 14  45  65  83  84 153 181 182] 
6103 [  6  15  26  42  45  62  77  92 135 139 140 180 189] 
0988 [] 
3456 [  4  20 166] 
1127 [] 
3401 [] 
1082 [ 21  88 178 193] 
2168 [ 4 18 56] 
2147 [] 
2264 [] 
0906 [  1  11 103 166] 
2681 [ 23  29  79 108 128 133 174 179] 
2610 [] 
2612 [] 
2298 [  7  11  13  23  24  30  31  34  43  57  73  79  88  91  97 100 103 107
 133 138 143 147 151 160 164 167 194] 
1078 [] 
2194 [] 
0457 [ 66  70 122] 
2103 [130 148 164] 
0750 [ 14  46 155 193 194] 
0921 [] 
1336 [] 
1843 [] 
5007 [26 33 76 95] 
0812 [] 
3925 [] 
2038 [ 18  24  38  45  53  56  59 113 116 118 119 135 137 144 166 198] 
2162 [] 
0936 [] 
0172 [] 
1692 [] 
2303 [] 
2039 [] 
0438 [] 
2374 [ 81 127 199] 
1707 [ 14  24  44  67  79 111 158 168 190] 
2534 [] 
2243 [ 73 177 183] 
2485 [] 
0285 [ 29  38 107] 
1832 [] 
2153 [] 
3341 [] 
1475 [] 
0239 [ 79 104 116 199] 
0446 [] 
0262 [ 21  56 119] 
1840 [ 10  18  28  40  48  54  63  76  94  98 107 122 151 153 156 168 173 175
 176 191] 
1978 [] 
0551 [ 78  89 102 124 144 165 180] 
3022 [] 
2278 [ 53 106 177 185] 
3791 [ 18  28  42 163] 
2098 [] 
0912 [] 
1432 [] 
1163 [] 
0070 [] 
7117 [ 16  34 114 192] 
1574 [16 18 49 51] 
2963 [] 
4773 [] 
0448 [] 
2744 [] 
0717 [29 92 94] 
2623 [125 168 183] 
2414 [ 28  42 162 166 183] 
1161 [ 63 139 168] 
1240 [] 
4097 [ 45  48  84  98 103] 
3440 [  5  99 140 182] 
1831 [] 
2748 [] 
2498 [] 
0935 [18 41 52] 
0108 [ 48 150 189] 
1106 [ 56  66 192] 
1920 [] 
2029 [114 128] 
1970 [] 
0337 [] 
0248 [ 32 113 152 172 195] 
0582 [] 
3004 [] 
2422 [ 22  58  98 118] 
0676 [] 
4269 [ 67 101 134] 
0590 [] 
1955 [] 
3083 [] 
3145 [] 
0250 [] 
6178 [] 
0736 [ 56  73 181] 
0497 [] 
1215 [ 25  27  79  95 125 171 188] 
1596 [] 
1221 [] 
0884 [  7  31  32  46  47  48  50  53  58  67  68  78  87  88  90  94 103 108
 111 133 134 136 140 145 161 167 173 174 199] 
2473 [] 
6245 [ 41  61  79  90 161 177] 
4622 [] 
3061 [  6  27 115] 
6145 [] 
1992 [  1  46  74  92 108 110] 
3936 [ 39 138 144] 
0153 [ 20 174 190] 
1332 [] 
1905 [] 
2857 [ 28  39 148 157 178] 
1874 [ 29 197] 
0665 [ 10  73 150] 
0600 [] 
0864 [ 57  97 118 144] 
6166 [ 34  49  91  95  97 146] 
3370 [] 
4385 [  8  46 131] 
0649 [] 
1830 [] 
0245 [] 
1815 [ 82  98 199] 
2236 [123 146 196 198] 
3878 [] 
0623 [ 15 141 145] 
1557 [] 
0282 [ 97 141 143 197] 
0271 [  8   9  29  34  43  61  64  77  79  80  86 111 113 119 122 127 130 131
 136 137 138 142 159 168 180 188 196] 
1366 [] 
0321 [ 84  89 127] 
4896 [ 70  96 182] 
1809 [ 17  42  47 129 134 155] 
2458 [] 
1915 [] 
1760 [] 
2111 [ 35  88  94 108 109 119 171 198] 
1276 [] 
4526 [] 
0041 [] 
4382 [] 
1608 [] 
6191 [58 86 98] 
0678 [  4  11 166] 
1916 [] 
2352 [ 59  62  66  93 123 187 191] 
1867 [] 
1070 [] 
2053 [] 
1895 [ 47  76 135 150] 
2593 [] 
2369 [ 61  76 102 199] 
3437 [] 
2327 [] 
2034 [  0  17 125 141 153 162] 
0518 [] 
1175 [ 17 110 165 180] 
0655 [] 
0343 [  2  55 131] 
2442 [] 
0738 [] 
1931 [ 59 128 150 190] 
4913 [ 66  71 190] 
0842 [] 
2086 [ 25  26  34  37  42  46  54  60  64  65  66  70  75  76  84  85  86 106
 107 123 140 147 158 166 170 175 177 180 181 187 189 195 199] 
2523 [] 
0929 [ 42  46 185] 
1305 [] 
0857 [ 52  89  90 100 197] 
1563 [112 113 131] 
2218 [ 10 121 155 178 180] 
0528 [] 
1083 [] 
1015 [ 83  90 104 142] 
2094 [ 34 128 189] 
0352 [ 27  78 103 195] 
0952 [] 
0221 [] 
4567 [] 
2179 [] 
2333 [ 45  61 110] 
2232 [] 
0413 [147 155 187] 
0523 [  2  39 172] 
1884 [  5  25  28  45  48  49  54  73  76  82  83  92  95 102 106 107 110 133
 135 137 148 152 160 174 177 193 197] 
2541 [] 
1364 [] 
1871 [] 
2073 [] 
0148 [ 32  74  92 123 168 181 185 196] 
3503 [ 38 133 158] 
2674 [] 
2840 [] 
3053 [ 20  58 176] 
1783 [  6   8  12  19  31  34  37  38  39  57  81  91 106 107 121 133 135 144
 149 151 155 157 160 161 164 172 184 185 186 189 190] 
0046 [] 
3318 [ 48 111 180] 
0327 [] 
1052 [ 10 117 157 189] 
0331 [  1   4   5  18  24  25  33  47  56  69  70  73  74  78  83  85  92  98
 101 107 110 113 122 123 140 142 147 166 177] 
2838 [] 
0291 [ 22  46 124] 
0733 [ 56 143 177 178 197] 
0156 [ 47  58 153 188 190] 
0220 [ 50  62 116] 
1602 [] 
2025 [] 
1718 [] 
3019 [ 71 124 174] 
4535 [ 55 121 163] 
1860 [ 51  72  87 106 126 159] 
0316 [ 25  66  85  97 134 136 144 163] 
2739 [103 128] 
4212 [115 116 171 193] 
1932 [ 73  97 111 112 141 143] 
0072 [] 
0829 [ 19  47  68 112 125] 
0179 [ 35  40  42  87 111] 
0569 [ 12  36  41 149] 
0749 [ 11  14  23  39  40  52  68  70  88  97 112 131 137 164 176 178 187 196
 198] 
2851 [ 48 107 126 145 160 170 175 189] 
3470 [] 
3496 [] 
2175 [] 
1942 [] 
4103 [] 
6259 [  0  17  73 115] 
2672 [  1   3   6   9  13  18  21  26  37  41  45  47  55  58  69  95 107 108
 124 141 146 151 152 160 165 187 194 195] 
0752 [ 92  93 158] 
2012 [] 
1498 [] 
1060 [] 
0784 [  8  35  36  53  96 165 180] 
1430 [ 49  59  83 106 194] 
2413 [] 
4288 [] 
7685 [] 
2439 [ 56  67 143] 
0519 [] 
1590 [] 
0555 [] 
0119 [] 
1576 [] 
0505 [ 22  28  43  45 184] 
0907 [46 66 82] 
1713 [] 
3111 [] 
2210 [] 
0723 [] 
1986 [] 
0571 [] 
0664 [] 
1102 [ 39 155 170] 
2906 [] 
0730 [] 
0647 [] 
4136 [] 
0464 [] 
0896 [] 
1258 [] 
1824 [] 
3429 [ 4 64 68 78] 
1278 [] 
0700 [] 
1306 [] 
0573 [] 
0116 [] 
1298 [] 
0598 [] 
0543 [] 
0433 [  7  67 143] 
4647 [] 
0401 [ 74 123 143] 
1910 [] 
0416 [  4  32  34  39  45  50  57  77 103 127 158 173 185 199] 
4084 [ 18 100 135 170] 
1342 [  1  46 141 189] 
2942 [] 
1001 [] 
0408 [ 24  33  46  49  70  98 100 116 161] 
0679 [ 12  56 102] 
0456 [] 
3209 [] 
0460 [] 
2694 [] 
2365 [] 
2707 [ 25  73  78 150 167 170] 
2529 [ 38  80 160] 
2675 [] 
1875 [] 
1480 [] 
0951 [] 
1358 [ 26  35  81 142 146 188] 
0692 [  1  31  71  91  96 118 154 163] 
1360 [] 
4772 [  6  12  15  18  55  82  91 150 152 171 180] 
0945 [ 16 128 131 159] 
0274 [ 28  50 106 129 135 144 182] 
4421 [] 
4500 [] 
2250 [] 
1427 [] 
1353 [  2  17  26  34  35  51  55  59  84  88  96 100 106 117 123 134 138 157
 161 163 169 170 171 172 173 177 181] 
1069 [] 
3184 [] 
0904 [] 
0301 [ 12  75 197] 
4477 [ 32  62 146 150 184] 
0279 [149 183] 
0312 [  8  13  14  48  56  79  87  96 107 151 160 182 183] 
0283 [] 
4009 [ 73 119 153] 
7378 [] 
0934 [11 34] 
2174 [] 
2756 [] 
1996 [ 44  51 130 146] 
1422 [] 
0837 [] 
5475 [ 11  92 145] 
0657 [] 
1515 [ 67  78 171 175] 
1426 [ 68  75 175] 
1165 [ 97 123] 
0330 [ 32  93 194] 
0314 [] 
0757 [  5  27  56  61  90  93 107 116 119 141 142 143 144 146 156 159 168 175
 181 191 192 198] 
4700 [] 
0719 [] 
1270 [  7  45  48  50  64  71  84  89 108 117 119 145 174 183] 
0442 [ 35 131 156] 
2842 [] 
0780 [ 54 122 145] 
5875 [] 
2521 [] 
3420 [] 
0313 [  4  15  57  67 104 126 179] 
1929 [  8  22  77 198] 
1613 [] 
0386 [ 52  79  82 125 186] 
1236 [  5   7   8  33  39  40  44  48  58  59  64  74  77  98 103 106 117 120
 124 127 129 144 151 159 160 167 176 179] 
0223 [] 
0508 [ 15  37  79  91 117 127 142 150 164 174 189 196] 
0720 [] 
0718 [ 98 126 155] 
0150 [] 
2287 [ 13  69 183] 
1050 [ 34 114 136] 
2924 [] 
0817 [ 12 176 192] 
3029 [  0   1  30 139 140] 
0568 [73 97] 
0548 [  0   8  65 128] 
2972 [] 
3214 [ 61 122 166] 
1908 [ 50 142 165 178] 
2045 [] 
0835 [] 
2209 [ 63  97 104] 
1598 [ 4 53] 
0881 [] 
1581 [ 81  84 136] 
0572 [] 
0398 [] 
4149 [] 
6209 [] 
4307 [] 
1792 [  8  37  44 162] 
0581 [] 
0392 [] 
0082 [] 
1525 [] 
1845 [] 
0510 [] 
2793 [ 33  61  96 116] 
3057 [28 33 97] 
0710 [] 
2135 [] 
3158 [] 
1909 [83 88] 
0459 [110 144 181] 
1806 [] 
1599 [  4  24 135 177 189] 
2449 [] 
0986 [] 
2169 [ 69 133] 
0289 [] 
0579 [] 
2687 [] 
0295 [ 17 118 143 158] 
0645 [] 
2148 [  9  19 117 149] 
0341 [ 10  11  16  18 155] 
0255 [] 
0941 [] 
0246 [ 11  24  30  38  52  67  92  98 109 117 151 159 174 182 194] 
0627 [] 
0137 [] 
0209 [  2  14  22  23  28  34  44  47  54  61  62  74  92  95  96 103 123 150
 156 158 162 163 197] 
0534 [  8 101 108] 
3138 [ 82  96 100] 
4541 [] 
2220 [141 166 198] 
2696 [ 16  23  25  29  34  40  42  43  47  48  56  64  66  70  79  91 123 127
 138 149 150 157 162 184 192 196 198] 
0481 [ 14  28  31  36  41  42  46  51  72  90  91 107 126 129 130 148 159 160
 174 182 183 185 196] 
2564 [] 
1837 [] 
0216 [ 22  54  62  75  99 125 190] 
2443 [ 32  94 118 150] 
3340 [] 
3398 [  4   9 114] 
0431 [  1  20  64 129] 
0577 [] 
2173 [] 
0270 [] 
2289 [  5   8  17  21 130] 
3344 [] 
0123 [] 
2585 [] 
0159 [] 
0626 [] 
2113 [ 71  79 125 199] 
0520 [  0  57 178] 
0841 [ 9 58 83] 
2037 [ 13 143 172] 
